105
20
43
0.026816405525905692 -0.05999003620817489 0.08137243211005449 -0.06462676074414683 0.08523980161944905 0.010459219606494218 0.009141787506449348 -0.03144346401600072 0.032142831700269194 -0.047529853207627426 0.10550759667282181 0.06331245091430494 0.10390832748034985 -0.005130680062834971 0.12882322224025547 0.12005259220892134 0.11243866631042163 0.07631021270788584 0.0654502760850047 -0.029255704796418616 
0.2251895532854641 0.12861323308245745 0.07455263526394763 0.15394911924350776 0.02957839718450845 0.16081050134877323 0.13397304647771754 0.10332995065368342 0.16041763852171492 0.17351534487830172 0.13776958992422064 0.0909150546018515 0.044341106547625866 0.08510473269489639 0.14336153196844156 0.10172047044389707 0.12084472360993669 0.1528328098009605 0.18616115569389033 0.06024208602002163 
0.11382624007422396 0.09385502293680449 0.18087142523895317 0.14577550571350073 0.16159128217062388 0.10317085579660885 0.17940309506627627 0.1456363294515909 0.10013944542536399 0.0440209825848671 0.019246412689323693 0.1724314134424682 0.06929197452391979 0.21175948372856684 0.12892059438816608 0.11306076319828677 0.09653559092879904 0.12250609015755189 0.1850600174814937 0.10289771290140777 
-0.08065190013340902 0.046259460708531604 -0.035257227547499624 0.07922033927520074 -0.04122445868708252 0.023688821951334826 0.05263022445164573 0.01930889535275383 0.04349567956351151 -0.0009456857424633532 0.03410948978248044 -0.038754323216917866 -0.01815596553560852 -0.025724876964684267 -0.015549203257712396 -0.013554640341587309 0.022756287065611735 0.031558278744627126 0.006054129761575655 -0.00691370000559498 
-0.007075361785396793 0.10797338134657472 0.11603953477413924 0.075821376027251 0.02373865886135486 0.1883948636098629 -0.003047533272086937 -0.002536735418959347 0.020856792429315967 0.1385795853684682 0.07157967015338432 0.17887515785653524 0.16424158082147286 -3.507391863496123e-05 0.10922304088167306 0.12438566300968962 0.16325130140827263 -0.0044890242813587534 0.14507751843466013 0.12218705418711893 
0.09195355453441585 -0.01915988413340472 0.14221437858003116 -0.0038413888399780266 0.07902319049992852 0.1294898732000155 0.14237477114000158 0.011712037504792652 0.14833204388353727 0.03558754210945207 0.0925421344263332 -0.007840235141257014 0.15481333508260198 0.016470813082652677 0.10590788729924042 0.12503321725707453 0.09918668873498399 -0.02288651231931734 0.10776564917862078 0.11206725869326102 
0.06078191752704836 0.05248006215499178 -0.06503380477651426 0.04966427406526601 -0.05698940255820134 0.09610990181645303 0.042968441760601855 -0.034610122878561536 -0.07553451362771631 0.09149016059161873 -0.053108566620204856 -0.013755295787667104 -0.0009412033818918437 -0.0076314068781617875 0.023219552999957017 0.02543064941735618 0.04991798148165339 -0.033554310658246114 -0.06803809922840309 0.09774311610711857 
0.04736112775292339 -0.008356331687499607 0.11218871896298095 0.14103918021123082 -0.022681892777328693 0.05143448261987953 0.11686641131666639 -0.03816788672207124 0.06840166362176608 0.10425971700870781 0.14041090401166786 0.09566301515595513 -0.027782572107267648 0.13166080709484995 0.07279700224475938 -0.02908442940557009 0.07324486730848909 0.060050407566855486 0.03679745153149531 -0.01830819630675451 
0.0589069356633125 0.10911108331971463 0.16122991112726515 0.08057301836451149 0.15470697863417165 0.06639266830233694 -0.008423900716785457 0.1755634336402493 -0.005718315418685915 0.10968135821636449 0.04341486622780149 0.03053576121695078 0.04624244613291692 0.06403740784130979 0.1595741077953004 0.14906958038808638 0.15461361377349578 0.02735214926275246 0.18022463030727762 0.11005961587611075 
-0.035556475274948734 0.0964202820136292 0.09579400279085978 0.0929590948915625 0.035510129778303694 0.08879772994035517 0.025567733016655186 0.05872816785926466 0.07194213229490412 -0.0071744071111345085 0.05084239460168955 0.09244668864093293 -0.01151224605262121 0.12607895993432536 -0.013533182952237821 -0.02259558928144931 0.12984712050672603 0.14967225936013936 0.01577739060363307 -0.010995838011717775 
0.08683441618234816 -0.039527996106667254 0.019494687821039296 0.07439563708831427 0.07569017900484942 0.017620886496565586 0.09442010697649128 0.08480699853653512 -0.02425859267835071 0.0530967571479641 -0.0017442200297435395 0.09945207738133055 0.047122224581090624 0.10097841754835737 0.09564208386151203 0.04770938758412539 -0.02479437820047822 0.10295489736036323 0.020775620686044133 0.01895196163394096 
0.07940521897633698 0.1183620904872018 0.02466921903024448 -0.0183263235245419 0.035133714878802 0.1268985110084427 0.10920268529336855 0.03778116197198615 0.05882083898647106 0.08682566666363775 0.09438483637063752 0.11935356556446688 0.08157530966754639 -0.021501318456853356 0.03783652608228356 0.007377030426125697 -0.024038312992653865 0.07580236695776899 0.138133243393433 0.001583874012207358 
0.13772557987472675 0.03500230775306087 0.0857680120864144 0.03431723991265843 0.1452381152260844 0.10242972851342882 0.013915586360277414 0.05235008343426784 0.1178630120475546 0.1021801048857782 0.028222170175771062 0.11986469915325157 0.0344961894931865 0.017893509427147628 0.08576798898116623 0.0038063814318249544 0.03423375499920736 0.09968858219486804 0.1469608890004533 0.012083745875497069 
0.132997654448356 0.09025673849374768 0.022366617523112534 0.09470808783303605 0.11805069534050805 0.1013206564778058 0.044087312044434966 0.08675884052340194 0.031469534569794365 0.06803918396290423 0.01817357959827595 0.09438426212811604 -0.016767062927098557 0.0807777844027939 0.10548555621986987 0.15665554392174186 0.142064512690219 0.14601253808591685 0.04686827809805687 0.04396212788649122 
0.07301881606010964 0.06583958327584126 0.07344811157452533 0.051582767932212975 -0.017390838979162614 0.06526633067743165 0.07461639365371041 0.0014052284353867721 0.02153432901046262 0.12479595234661085 -0.027297351222756467 -0.02149394104512329 0.049194314125620364 0.07763224141202384 0.08330968710857699 0.11094947999631177 0.06780173712511985 0.06016765291025158 0.037365819668216345 0.11641616878418375 
0.15452356098584874 -0.0024216106165664258 0.1270545612579028 0.023123936675739046 0.10303228660408183 0.09477249315810644 0.08217930170042068 0.0940863923269804 -0.018540760544935486 0.1547123600981138 -0.0058082800874345196 -0.0029061528305679863 0.10067746182800139 0.008222346494077487 0.0780444715379122 0.0902922518999863 0.03301989106099955 0.050609914579793025 0.11944726745870543 0.013631032695478584 
-0.051370047223607225 0.10982791961015272 0.06770360334040798 0.08070395905793501 -0.045403819200844964 0.09181636891001255 -0.07040731424065354 0.12307690330604336 0.05029510569737323 0.12303892278478974 0.12433021126219791 0.08387432238175523 0.11488058288823623 0.06676616569403525 -0.061973453673007405 -0.07337250454138229 0.033244464309626104 0.06609191752108848 0.004134100787948458 0.056196127712539554 
0.09605036400266581 0.012613284479423219 0.09857275918970651 -0.05799337544269151 0.035034945953099354 -0.022765648713264586 0.0881634576047844 0.08276297938760181 -0.06635951759734007 0.03978675462851768 0.04280129523866686 0.11096216965515783 -0.009503228455652744 0.04651905954861263 0.05399651705153885 0.07242286018413248 0.05818298851820926 0.06987903965198704 -0.026395033253453104 -0.06821627357991306 
0.0988797960738058 0.11214993711751974 0.0649375118341082 0.13381227843491078 -0.005302660456999498 0.05806024677320878 0.02233055742385525 0.13359711690606166 0.011428749918316557 0.01011709209726802 0.15400675772830494 0.03852146910495751 -0.023702990045723023 0.14781820179802024 0.009892134637428744 0.13211493147578596 0.13465419222031208 0.07218726050842061 0.0798143250153913 0.14448451418330202 
0.1686209767791214 0.1567209840980848 0.00505427835721121 0.14169171726460786 0.16350583213768363 0.1120698815665319 0.05883268162550652 -0.007287511398924506 0.08098942067290511 0.01655754336179616 0.05885396737238905 0.11621599530562463 0.16080295929575972 0.16008556447159603 0.14967040233577245 0.03008833346930135 0.04802925111726214 0.019424288407275163 0.15715315525525655 0.08908589178949798 
0.08993520656297561 0.17181885427984964 0.1534034305034884 0.02594520344530655 0.20234630015292537 0.05156645202473516 0.19074875609246503 0.06317938209798031 0.09550409637888083 0.018750050035622814 0.18256224545830863 0.07954384095017668 0.120430707835374 0.06127629360178097 0.07369787738834054 0.1506700845864236 0.1859368576156597 0.0843131967018054 0.17759942571352588 0.06527735601469145 
0.06894765690648462 0.12391581645906181 0.04409291829439854 0.11235707363151184 0.15131610960359285 0.010180855242822067 0.08012471976513391 -0.00801605548609483 -0.020958271788356415 -0.01931455470510078 0.052982549005281716 0.1404289493423833 0.0026607423304252846 0.08750430242422298 0.10418191697155435 0.034822622552524156 0.03618834575008029 0.09121940894901685 0.01952187909504118 0.15427254558343945 
0.031904374112371583 0.06606182307102089 0.053714999257509284 0.005507686291024173 0.0686379373107869 0.09766182411456982 0.15607634380368132 0.04487492873690673 0.07828073790066142 0.043675878592445636 -0.010015436343442811 0.029532613516446315 0.1741748404090826 0.16704830653982505 0.1681481417575947 0.15296873047583873 0.10383188375005002 0.06828818726882606 0.0159257867133397 0.09666180849760428 
0.03031213705845544 -0.015987693777668385 0.04028017680007573 0.1259733563159552 0.06751237806816408 0.0025281768786486556 0.05241252849589684 -0.010158639437985976 0.06082869582018343 0.06728394386784639 -0.03386965357286699 -0.0533566775385758 -0.03506575369778604 0.09313294862691245 0.04057330108694753 -0.055534626072082004 0.016608679831315306 -0.03274378842127557 0.003805192270461581 -0.01651059411952854 
0.09690789353905865 0.007627849745961023 -0.016138850575982328 -0.04577990551919802 0.10906978732653565 0.0447466281528893 0.07303976267859191 0.10395701388631419 0.021773453945659462 0.023095880631074046 0.023540058817852327 -0.032686208733236945 0.0678190293778805 0.0405034859101826 0.000582313393121113 -0.08085091697644135 -0.03806547336026979 0.07338276307740826 0.040827070118415035 -0.02469896108252391 
0.010503003643433186 -0.013723201714596794 -0.0019277676239119411 0.12922065055199988 0.02039839543427376 0.1034024576224085 0.037702569309713836 0.07979284743899592 0.14034134875451146 0.07237653253693879 0.15176951341084888 0.013045065026094751 0.06137565289716032 -0.027053642922600735 -0.03357013802983361 0.1381546246075712 0.10407468724410159 -0.014591787001395044 0.051786368353509984 0.1523021048302731 
0.14774440914185719 0.16751008632051292 0.0452838757022814 -0.018823280377190287 0.13083731724250863 0.06627361759033361 0.06814735467922668 0.10583984709199815 0.010553199560312015 0.05667780561088119 0.008067285936844323 0.16371094242636952 0.10215065875402836 0.13048645849720086 0.024453926970036333 0.16253353905464332 0.09550355270701948 -0.017697143076161166 -0.01243128228430275 0.06066173201496797 
0.008268240201202022 0.08861938055236933 0.07542510270812117 0.18986312634980868 0.043784700782751464 0.17756577248402675 0.16137327067944907 0.06083026436461335 0.03618389703973679 0.12513747196484332 0.1134249158002582 0.1776063900689163 0.05429956406873144 0.1001115451825274 0.023569076022261045 0.1622118707986301 0.0814498108176928 0.03339128635802745 0.01512744333182479 0.1696715606658578 
0.027667690973178064 0.1272984242941997 0.035140061914708975 -0.005722796163878881 0.08806620129211146 0.05969634146741345 0.09967989733294134 0.13811571287260718 0.09934544014760142 0.13348650654986188 0.0010923939387891331 0.03909146158099136 0.12879106866611384 0.09633684322247914 0.04292466083116602 0.06535583028976527 -0.025938979858471427 0.10458702544928779 0.14608420459091148 0.04835372311258549 
-0.01245050552913046 0.12678714546147377 0.15066229023565725 0.023301100084662026 -0.028567279586641122 -0.018760354613774875 0.14775153881362743 0.07003776239974226 0.14080059519179794 -0.01831774517828805 0.17006960399792562 0.12686929696310395 0.03709122912170259 0.1459692391193971 0.0880935189584649 -0.011293993112614985 0.15280132957738365 0.004674780934133034 -0.011303064539771698 0.08670645979100583 
0.11590613884098147 0.09360245050719383 0.0773974784914023 -0.06305128422002619 -0.0216458377010893 -0.01963221490589247 0.03603249892165597 0.04441341054124163 0.017485244775417928 0.0599896081239526 0.025483653125939414 -0.03668560448888487 0.03609510302116505 0.012434865015292867 -0.0008262995711122889 0.06939575004391317 0.10384307444645312 0.04865510508831012 -0.07504398322649351 -0.028775813880441255 
0.04727392400957983 0.11867061584509019 0.048351725665492194 0.1096397540494217 0.10173753256513257 0.11371741966926276 0.016235161004978235 0.01349881870378551 -0.07223036658137227 0.10162412901148844 0.10191173378474888 -0.056553427935475395 -0.024999440537438213 0.1076709813542888 -0.01855321799613855 -0.04229154066888564 0.09725626545661314 -0.04995117092472996 0.0008923211018230981 -0.01753033361648004 
-0.01232768311678114 0.047527801293538785 -0.0535774873952325 0.12341843625466571 0.0607700418292763 0.03899015740029899 0.059213835313136946 0.021182275255800097 0.12095389235161166 -0.011043649687800815 0.028212616845706397 -0.03808951118653202 0.0732727163582451 0.0036643602699091625 0.0523941640951987 0.043105154821316716 0.03383622939192805 0.0168427830755177 0.08105483038657228 0.014186569648804588 
0.17170833932590668 0.009803253760481991 0.006004566616716376 0.012110655829717423 0.1371584712574546 0.12001175036845896 0.004245146343162778 -0.000546084714080577 0.0035363925252352196 0.10294266812414421 0.08041298332007578 0.024887812296609513 0.03395825024832478 0.06464172412609519 0.15252777275141235 0.10698159732877381 0.1497766019799756 0.05085689773765355 0.045535742518444375 0.09713017154096827 
0.09689595770660235 0.08897621535839688 0.19012408757377694 0.09042612697359632 0.017052206095873185 0.1127429454627574 0.07694212706284193 0.06355190389141761 0.13752627530815864 0.13757087226742076 0.03716322700894096 0.15248037445125434 0.03766299877283154 0.04052325181555809 0.08967500388244638 0.06300167226439057 0.05463173062795711 0.127438637080903 0.1750090900141278 0.09403105108523456 
0.10281925258049804 -0.0061694563740361166 0.03419234119082189 -0.01967019955693614 0.05351565608790391 0.005126279872584766 0.11580476534460193 0.10025999327080377 0.049168950199452235 0.00870228601938551 0.11233452005372993 -0.00013506709814555063 0.07321346569647022 -0.0063533638472925875 -0.019647045645719223 0.1615944611136462 0.1197484976815505 0.02520335430832989 0.06676235518563348 0.03322720181167162 
-0.04344560615078348 0.08240365352762109 -0.029821498642825968 0.04956680438980413 0.01613754753894191 -0.041292821465161195 -0.020843189662103023 0.12614673482652006 -0.00788046306148138 0.1055301439437712 0.050733487052989294 0.13899234775157276 -0.00397316694646979 0.09073035062390729 0.15663257192947236 0.0029263221661704063 0.08102665856707914 0.03867552795489271 -0.04729593541078767 0.08788399300645916 
0.12612148767178827 0.10997948122358159 0.02398346786309447 0.0858552639367727 -0.01970828777324104 0.0024106045314084895 -0.0033942682168104973 0.014057913959285084 0.06655174778333811 0.14415687425248483 0.12649249120936584 0.03967349218162157 0.13986018838955078 0.11048616896212286 0.151183059819941 0.09288545259768036 -0.019960801154633785 0.06028860951372284 0.03943986063303848 -0.010879487601049712 
0.040577664690121244 -0.012477864950527327 0.08726396553941561 0.018276968414206417 0.1121688250855649 0.008243292140879406 0.05744156472925829 -0.018225501494756303 0.09385872981716568 0.11001722627526597 0.0652956729254442 0.009222910969146077 -0.024305917317510275 0.03819982125348099 0.09958967680410562 0.07318614649539117 0.06485092174863447 0.08404988684726449 0.003028619491806495 0.0010713033224990353 
0.12824893063064782 0.1255299337116881 0.05091007545111316 0.18547816873217493 0.12932168872781785 0.09388082052732685 0.08004513606071662 0.019951562705431487 0.2014098274669193 0.1447266496019029 0.09152852155335701 0.18349041080720901 0.20863856136434053 0.18156017656825701 0.06227322923730484 0.11479020421429746 0.1462721369850842 0.13749407308774447 0.19612924938622317 0.055695291216017025 
0.08492737321393666 0.0926234572441085 0.07032392973617226 0.1956542374491835 0.028495480640685907 0.10807423748328691 0.1676065236047755 0.0791246197627866 0.1377270209549289 0.033913013638727736 0.07063998504394182 0.11813812813351424 0.15019447345517872 0.037008117512505614 0.15827547896624966 0.07407181804698151 0.1510482748983363 0.03610985921481966 0.11158205442827608 0.14270532300032332 
0.07770481801625498 0.11623511287538012 0.14034033688363462 0.11246823644496934 -0.008454612148886756 -0.01874192620433524 0.0834345963730891 0.07698989857215432 0.07271698691773357 0.13294034042937355 0.09551390583258305 0.09291445917496953 -0.015142987355806074 0.16854437629264452 0.08657692381407137 0.07218494423243928 0.0641249808885691 0.06258737961876984 0.05491704329659973 0.1491966468758384 
0.1285713994182272 0.04639232760663781 0.1325795138838363 0.016898197071905686 0.15431188050647152 0.060060868384423205 0.1326323903363265 0.11342456568809514 0.025910928256461272 0.11822653043720399 0.07473119225775876 0.1110279063085088 -0.0007849658183816448 0.01549800437756488 0.1513275493819339 0.1129923795783969 0.030451121526379125 0.020854172413946166 0.10225820130545886 0.07293076877585082 
0.09627109189764119 0.16390465548458136 0.1054841534428814 0.14014423651774605 0.09576825132965683 0.14333990636657748 0.006221939738703907 0.08237027423586549 -0.019085088381744216 0.07781275966637644 0.11288608247115914 0.060518426521966574 0.029806507349682366 0.11059957381220374 0.16907496563018987 0.06493672447363444 0.014898496014655344 0.009292615583166575 0.014814566593641179 0.07489972536630188 
0.01785347193034229 0.029255735367789484 0.02755586963880222 -0.021964141177998216 -0.042849416101329765 0.05431603527593064 0.09584313805378206 0.025096518520836497 -0.04991841324736623 0.12334955782417542 -0.018983051437555725 0.025899662152353606 -0.06281595357828086 -0.05586474252103679 0.0372091925471897 -0.03888366995297165 0.07368675097984753 0.032593028248696865 -0.07576539976770413 -0.045128209282401854 
0.01579940656865413 0.0437181620710673 0.03186173948724193 -0.033134480327123655 -0.07236263950278177 -0.08758121514479958 -0.021546983584369683 -0.010406111971923994 0.04499527502273687 0.03304637963730056 -0.012879050383959548 0.07589535290534684 0.03808392740740963 0.05625851033285597 -0.023794498354767116 -0.006056430622922117 -0.022169648542960774 -0.04897815659954196 -0.045002445716558044 -0.05747688965219492 
0.064842327232642 0.07985997219182377 -0.032068138800071824 0.095498338149931 -0.015622192747170404 0.1453797066102022 0.03625580964230367 0.15926858472030636 0.028919525964342135 0.13841850570319306 0.07644065890309783 0.07256419878014189 0.022262927370747896 -0.005327136473881726 0.15196659577587912 0.10429666428249988 0.0582342817738327 0.1426899358142451 0.05164182562710487 0.1092009553433614 
0.06663610509025059 0.10341666513060253 0.14382807115131427 0.1590728826111184 0.17874864880824276 0.09043438035734504 0.20371715833569987 0.21874094629522547 0.15812620025957902 0.2183207312382885 0.14329304091033856 0.208896616489567 0.087658553084521 0.22386029481467676 0.05177461304216054 0.1439316483711344 0.09736177767809621 0.06879628616236483 0.144798372603514 0.04764567807709014 
-0.011152329845771351 0.16531934078400787 0.07373144860008017 0.012622086515205808 0.15632612301059942 0.04672811258362476 0.0421653470971902 0.14710561350840262 0.00904053271074079 0.1620393507030493 0.010108009984446262 0.13384724036030352 0.03784910312287555 -0.031600979649415994 0.07185195443682565 0.14772927630867588 0.08445351755224231 0.016081580979133998 0.11073954915522254 -0.0014324965506406103 
0.045703474258103526 0.1353041785292064 0.15075598714673671 0.08003492380051265 0.05054619460924374 0.13475949902550116 0.08591432115836939 0.07781578616947157 0.12809878976831865 -0.0031785709834084687 0.13269894724699283 0.06238725681803314 0.06943741675510162 0.15616030032837463 0.09324547211287341 0.09495292753981947 0.1371674306670791 0.09538193489365011 0.0977907425911593 0.12374157894972726 
0.038896477672840386 0.06528983221233706 -0.004327453174594541 0.1812954995952101 0.11768910817462276 0.0777711574672499 -0.004846672675783968 0.017721928722730502 0.04429548296483508 0.2010796090239079 0.0981904357449206 0.043057222901433226 0.07056460202373777 0.16762787015004232 0.1803487340717747 0.024145888553429917 0.03816185058439559 0.043770194029983216 0.0783505797637154 0.06004719015801964 
-0.004795945181742163 -0.057289225536887256 0.10866518730126148 -0.01673268786179733 0.10394798563079181 -0.02889883327474293 -0.08128433924615001 0.06094628619082233 0.05705525458240403 -0.04265601409618701 -0.04223849083146474 -0.051132963504733654 0.06836027948620367 -0.0029000565491720093 0.1264458624328198 -0.00012188406228513874 0.10614113946088598 0.10432469374069041 -0.005756701323592766 -0.024500161715029743 
0.05466300699981821 0.010058153032574384 -0.0631811380589633 0.040079114477546834 -0.004403879006922731 -0.06167708588101376 -0.06720840365890841 0.07605691445200936 -0.03504240256612309 -0.054972336846208475 -0.05304823356593973 -0.03167545703571104 0.03039624287502302 -0.03374779256535826 0.05593815945744192 -0.04985674811954579 -0.008871046972195283 0.10992738270279558 0.0626520098970321 0.02808743986328309 
-0.026684766899847945 -0.02704178062696783 0.12665197565072522 0.04231031702228186 0.12284082194784561 0.09112754740296244 -0.014755455327355968 -0.002076655429117201 0.048818214969532196 0.10021250047808378 0.07850653788955772 0.07546728142010235 0.08828330546647234 0.07397753097623991 0.08669495848620484 0.07135411652978907 0.14496140098919047 -0.00033054521698050535 -0.017939084875619543 0.004070835039795008 
0.025555606807472032 0.11520524859133627 0.17402909869963223 0.09236238293773334 0.1830151266769783 0.08450362865911912 0.09149665626522024 0.06264645430739589 0.13201269048687997 0.14500846222504649 0.051896686678246436 0.11675319756118943 0.12831059036756945 0.14417838206174666 0.059302826458810534 0.1216533062665376 0.09210799897026394 0.04733134321742757 0.18725678420881514 0.03577878848311271 
0.10204480903036016 0.04046733064561825 -0.03603870290183363 0.00763164333662702 -0.01712998327372728 0.07311362081560588 -0.021833000493206012 0.11665210261648519 0.03784074136027898 0.03774003920114458 0.0177489651261137 0.16714203243629594 0.13207506631789712 0.028787262681355695 0.036304119288762614 -0.03240136905607454 0.053525332530923043 0.14571417106328274 0.10937062075322143 0.012780398492971747 
0.11629111537821214 0.04941884735667398 0.10892074734176403 0.017046371153721252 0.1568579106184011 0.06585700681580058 0.14152784345134467 0.10180163076308289 -0.0018991593365213178 0.047498936091286935 0.13097015959369868 0.1612362949932078 0.15479018547552706 0.11545514841944562 0.017581720374761377 0.11267392446176748 0.16163935826209108 0.08395069214717292 0.0730379083109708 0.1357765173472759 
0.02666404012656136 0.002902913269529893 0.14515823378931178 0.1666289455270133 0.07643751796476632 0.14159395076072892 0.1722709480941507 0.040673951604216746 0.14071613166470018 0.019413063691919325 0.014355632864467872 0.08832119173227769 -0.005385415328779892 0.007839111343301374 0.1066042640628081 0.17787841762353465 -0.007634527044162406 0.15229831163448104 0.126103886098308 0.12124845993689606 
0.04103029197564552 0.005699102875217896 0.019357152943249033 0.08643583911382925 0.052104031970571424 0.05426884099690649 -0.03768692325130006 0.013221865342055678 0.017856049377406553 -0.044232863964976235 -0.03707190178346171 0.1273149682615705 0.11950363431923976 0.005636139413557618 -0.01687144711108801 0.04728064412307387 -0.060449540476662456 0.1134861518010074 -0.05533936281767955 0.10668049560863092 
0.06395436665273563 -0.07679526430283812 0.06183021892344146 0.1009989432060363 6.733142094488562e-05 0.047824806806724726 0.029725947833844767 -0.009640438531988206 0.08998066895575288 -0.0436073584148385 0.0047805992531771155 -0.05973284230221222 -0.06991382035662931 -0.07842686602120477 0.07466286724994112 0.07147716828569949 0.06398413984070327 -0.07332949845440255 0.1002618306631396 0.09296068732058976 
0.07702610288302267 0.15009124898419826 0.023392766728617242 0.10778836000822499 -0.022295372433277273 0.06628614055790351 0.14586045881416887 -0.005682699398022716 0.09191276752615883 0.11276769695713522 -0.0001222401155026993 -0.04258789512337537 0.1166121823290947 0.0427757389602393 0.014638807513003916 0.00025856030756374364 0.12327790334979952 0.0615207072288805 -0.019029241332752283 0.025375176283642543 
0.05297926963933583 0.2228581489465459 0.18581627585757712 0.1395581133921301 0.09063349582227606 0.04884801697944202 0.12870648480779626 0.19101285901957343 0.15176037587372113 0.11670281286069341 0.06680964520887582 0.21202024402909453 0.1925205921538043 0.21595818299203354 0.21154307623718482 0.13255386909466263 0.07417668160063123 0.13734337335554533 0.09191681995847047 0.2091072096139213 
0.012975464078967092 0.03577811800674896 0.06314954586659083 0.15497095126366667 0.1303559479640966 -0.01754171852541643 0.036464033034500826 0.09833560964758697 0.05869862745596115 0.08415541881688465 0.05513483167766267 0.1443274147825302 -0.0012696318995574162 0.035360314265990817 0.060859695156583335 0.05372513101317111 0.15729410570534064 0.10618403472155992 -0.019576670665737376 0.1221162116711776 
0.1210416444365814 0.048301044695283464 0.08442008678156836 0.08448011788123821 0.055967365659323746 0.15075502062960205 0.04459995326908365 -0.03146859466593646 0.05147676442668457 0.05412330413393556 0.14722745262778214 0.05792722528417977 0.005796732956441906 0.1320825266365557 0.1290825066347101 0.014412955139760153 0.03462092999456506 -0.0006646849854903816 0.10381228026304863 0.14581023105667246 
0.06898581719798269 -0.00281173343862964 0.04506476977337144 0.02173328445507932 0.09684668028475253 0.07983327591527693 0.007435589477732112 0.1528915865487759 0.14796916141980188 0.07159176753410947 0.07340404066196743 0.015965315416686394 0.10485123748505132 -0.005568523779134082 0.0718445461428219 -0.03624579148429375 0.11482274418174543 0.061867616447985684 0.16100671776053316 0.17304730787530678 
-0.04319975531897523 0.028459573497950686 0.025031220663362008 0.08612904908062172 -0.03402153768426187 0.05647820645237861 -0.03954354764743421 0.03144160812088107 0.00889383767007826 0.01427345842100669 -0.02367359659499436 0.09290606535763772 0.11919090836485827 -0.017516075851287716 0.07893763897592015 -0.003570036336932819 -0.005458989818719395 -0.04313965105180015 -0.036848492071632745 0.04897890243781819 
0.17748856114709752 0.16228933411887345 0.11228344190621574 0.12933663516672095 0.018561173380143407 0.14072394931779048 0.13299185492188217 0.10823265700496972 0.11237399162266795 0.1368471044116713 0.06635698605974087 0.11489072307530888 0.06831935517398305 0.011512618780653568 0.033153043060001705 0.12121236367625401 0.11716738574757511 0.16196537467173863 0.06935052274521838 0.13708210139830546 
0.06123959961014318 -0.00980262848429148 0.035837104562821555 0.13979719901743787 0.0025680416097813505 0.08642541983495496 0.11393150317806372 0.15749758271898276 0.15631949651492758 0.1522191253015419 0.13615619314212857 0.06628137372703578 -0.009163076345791867 0.02638792916832705 0.1635025805097383 0.0205649098847635 0.033303048311216756 0.1474624583264795 -0.0024678281494177096 0.11498789806715301 
0.16454456248076463 0.20426536062503817 0.11507008514466079 0.0715288846980156 0.08479455862293103 0.10647470928281653 0.09310114366255781 0.16120012906002645 0.12731523986487825 0.14560386875822648 0.17493835884812414 0.09025553677240963 0.13438376647016687 0.11382208695603514 0.16346476241760458 0.12547391878862882 0.002268302039742432 0.17439792061452775 0.1750992430616475 0.09382776515919022 
0.019577654018470635 0.02469298300997658 -0.006557212393041635 0.18445983059774224 0.15601079140284219 0.17180854728712835 0.1698150020051201 0.01931986082647517 0.12612713614904575 0.0426417237628309 0.0513705937888543 0.004991654403008745 0.10040813579240396 0.07790204296148974 0.05490523157100774 0.16237639484707872 0.09848935242814605 0.18625044061535392 0.046941717838458664 0.14086557588591375 
0.018718088737892737 0.08870071551019479 0.0053169250558574 0.01174687155145581 0.09196409634392909 -0.04502602115259783 0.12531311397162725 -0.05337837430073644 0.0656573403722074 -0.01708628031587295 0.03024186817432916 -0.04563192576126077 -0.04947579652838745 -0.011199514623369025 0.05935953677285479 0.05062661493743373 -0.024075010673367498 0.050175621098990535 0.13397072460662035 0.13121268052170462 
0.10267482921590289 0.010164314806224744 0.16097295499660133 0.039292714243186366 0.03269763382263626 0.07127134351985129 0.03596715893271912 -0.00323540064086829 0.025667580160823867 0.021251102423373972 0.14708027671112744 0.09423479020273823 0.09178927623910833 0.10871390477683822 0.12331513441619386 0.13918089229192804 0.07909581764474341 0.1346961774250369 0.007363571517716049 0.06142932856672395 
0.07557453648459862 0.13710859218646043 0.06583367148857273 0.13599087660012527 0.033707811128495614 -0.031043312859889417 0.08302674249157255 -0.03699014583257893 0.08273567609922655 0.0613200329211933 0.13897015517490421 0.07076864806945701 0.10530040645136737 0.012549553245276127 0.1420349758032195 0.12989888969448343 0.02503282052066443 0.040828442553404176 0.05996084452924366 0.007752006459553626 
0.0802687831817747 0.0739072174519145 -0.037929878474970556 0.12390901607704305 -0.02936510320547043 0.04152122241129636 0.09141729298669223 0.11379731305174952 0.09477540878204352 0.02153881617978906 0.03645372950477836 0.0805299297666263 0.10261114302417818 0.08900573833856401 -0.05613356059219728 0.025886989909754732 0.017538167126230488 0.085187039606354 0.07787902038357246 0.1265222408434461 
0.17011308819410423 -0.009087263214527084 0.1373652671883393 -0.0042173824166501245 0.16273705960966875 -0.004801848367469837 0.01894170337658757 0.03002818253929813 -0.02129280398942318 0.17225129158349256 0.08166855492063715 0.11952568215909999 0.044091359653272655 0.10121748091911402 0.04350873796563429 0.0008787796434673036 0.12672354675201075 0.17324954532872008 0.04635464891533118 0.11039568201965125 
0.02012493911502842 0.08160576583204965 -0.005336453932697744 0.049405925161073574 0.17392514577723525 0.11469721743143951 0.10683364098214508 0.17980430086677618 0.07202681820451338 0.019495796387042255 0.04354419585896617 0.14633668731148916 0.05416979306929669 0.019919098910917307 0.19668085200820906 0.16071115522361545 0.0561275728415556 0.07462248643631939 0.08237656725638046 0.06481116145679876 
0.15316794495009944 0.07852274855838248 0.19280948069582612 0.129831856905219 0.07669602859209033 0.11191928563842544 0.1789388028688894 0.1394853507553715 0.19212561159241562 0.12249831438386574 0.07967472570569385 0.14775509661623673 0.19676191616518576 0.09590030328469579 0.1766186542351196 0.08530095388334705 0.23422342719462605 0.16525848237622384 0.18309233558138654 0.14128234507945794 
0.1318354135615835 -0.03754606551120747 0.009152878141683874 -0.0076301880396889045 0.10640051881779591 0.03467916541763279 -0.022426875516883483 0.042879781567143845 0.05933940840885338 0.08779674894616142 0.028997727914456962 0.054897798205366395 0.11236797581648049 0.013251840744833234 0.15112365867320407 0.12390306811121335 0.029544138598837928 0.15136636727272468 0.047763769073832126 -0.011552315918278865 
0.10015273276618339 0.07726362998621762 0.09034193304358797 0.05312362874112688 0.11689167678858477 -0.019617941629587667 0.15349146090632856 0.011965888083996994 0.1330129653727487 0.11178256305943746 0.08189548897403011 0.08916805429806911 -0.025070343131795424 0.0987194576383888 0.11025636467900655 0.0022421806592810307 0.11930851163288828 0.09278770243064881 -0.02096146733133346 0.08881886861334269 
0.04777479574818528 -0.04438578666995174 -0.04326391704270582 0.010765573515607644 -0.07180553880052867 0.059455873506959536 0.08202432640795913 -0.052627301154422414 -0.021817209682470445 -0.003293548984265032 0.09639340599835221 0.09198479917707877 -0.08038510184300288 0.06922531469553594 -0.052683476453606215 0.05174965116451423 0.055469589315372006 -0.05242544545323696 0.04038452072352116 0.07774349139431376 
-0.015386236045580282 0.04643700632153462 0.04367588920192159 0.014349544276018531 -0.04324543642692502 -0.018419760612922817 -0.06598318025396824 -0.04718771292733613 0.04344680111928712 0.06243783256074929 -0.012460080301930408 0.020518201047333588 -0.038757804620490985 0.08166899937709604 -0.030663320165390286 -0.07689579224313525 0.07451827855358929 0.02588975235734328 -0.004105668352942373 -0.007799427282445795 
0.02413071442140548 0.10659619677495981 0.07122829737216427 0.020922811016215084 0.14992182780473337 0.12392926643867508 -0.011631652366197173 0.15125798176580058 0.14352256783971515 -0.02163764012679359 0.14352643930737302 0.060660442173934015 0.14436397476423438 0.04789433798082432 0.024028803431680148 0.07889339424616817 0.06528376064178736 0.0498556521641556 0.12804625336790632 0.042612291833822716 
0.1759667529547573 0.1827340350116739 0.01771824153280922 0.1228874379077599 0.07227124214412613 0.10132603815248818 -9.041398371201265e-05 0.08708201143366248 0.1535715949095963 0.08530684215547175 0.06451910104522263 0.16873369947024763 0.018397273458674944 0.05968908948365737 0.18100221582303663 -0.01667561601811128 0.12625761885093648 0.17776361950105132 0.1542441385105515 0.0927089500118044 
0.12088792111407844 0.12168265812721184 0.1404151763817892 0.09681334269003454 0.024485041188969048 0.04391624756773158 0.08374157985207992 0.18417573965478426 0.16426173073567055 0.12967688977983638 0.10723841705868263 0.06779319649516163 0.17978752251954697 0.10270396239187718 0.04340523651634874 0.1634131978063864 0.0731866699616078 0.10291596438714865 0.13641220864878226 0.1630188418812697 
0.02915137781536228 0.14715994851433992 0.11886789459205147 0.02558121933052329 0.09384083119505972 0.10511345235673153 0.008043939319674712 0.1506123036257176 0.018850749261274356 0.08743334490640131 0.04001386624083983 0.014336918448391361 -0.015188870305277206 0.053969994275492254 0.09511439575409701 0.05634499623138695 0.07157120393713967 -0.019121705995603328 0.04313509898712537 0.06863419704964754 
0.0719355583489521 0.21235843960862089 0.017579534169736052 0.047528922809085765 0.12508766113698133 0.13921195544409085 0.19665674315168563 0.15985184835953276 0.04373481978635953 0.11904395615365851 0.12218329239171698 0.04355740697928181 0.14121595192850597 0.1176067198510243 0.04337197624049491 0.10381513658384232 0.09327486908167296 0.188942708313851 0.03915253035238419 0.10309769370987315 
0.07253069940468482 0.008325372091074262 0.03844988781324718 0.13775938057443265 -0.0023657032896099795 -0.010367107709671211 0.03507158576043345 0.10482065604575094 -0.009866388471808644 0.1484615586716305 -0.03818159455627322 0.15220893349129502 0.12455295550262407 0.0981425825690861 0.06222594604511322 0.009638560654359129 0.016253431667709393 0.06506502533384852 0.11433239431370175 0.0056828433362709424 
0.07040493300834812 -0.003294192456587149 0.049010325082811 0.16860467526842726 0.02975846098833099 0.15737455314609144 -0.00598892982553003 0.09110415636422634 0.1652600984906743 0.00044979293605177333 0.08944092619231124 0.02855003198343507 -0.016979029401626492 0.0756451405135025 0.08145235214859657 0.03584151287755068 0.15354376482697107 0.05833927883081504 0.1272147466678502 0.15029876227363811 
0.15595732149326594 0.031038252372393608 0.13699442513538596 0.038103857923469986 0.15146821852896686 0.18224749351206138 0.08236728471077047 0.052712338121168476 0.006857441168454539 0.0863524429216433 -0.0010370376008310735 0.1197663333288488 0.09033964090947745 0.1628205234307768 0.19853980498259421 0.09291497531562457 0.1931369350668909 0.002763805977363511 0.1754735186282256 0.014983202904694862 
0.022149497813307443 0.0526312235665653 0.16638957631515788 0.15319226235343014 0.07462838014145519 0.00020794518348100233 -0.00255613779169677 0.07723215490170261 0.038702952196283016 0.15420245046924985 0.10984669016418892 0.0695030241225108 0.1525816604998779 0.0748281235368409 0.18310383289216925 0.12433657037816669 0.1326226805534116 0.09555994479357555 -0.02737068390985507 0.12269457939479084 
0.21833294280067142 0.1126391625260961 0.22114497953767326 0.10494170939858832 0.17733147835095672 0.15714555822493748 0.13691107317360177 0.18550828281543438 0.17748229251254127 0.22787804919078788 0.04152706308948963 0.19526454629696494 0.06125116215042055 0.20413608174757855 0.202861520823376 0.11299304587660505 0.07948674870217871 0.09924823037618567 0.12383509795513334 0.13324329221957804 
0.09688488487897165 -0.03118181447994375 0.1487325634093643 0.017890118513441283 0.1127693657447376 0.1219559287957106 -0.04007866054902588 0.03725385610184989 0.011530805150803645 0.06701684278172036 0.10950345475667947 0.1300990692831668 0.14816308809324433 -0.0010436498600408755 0.0567368537894273 0.1426188088202566 0.06697581836458194 0.027309825794301367 0.08066772467780563 0.1307703812636423 
0.08886384482994251 0.14970220588853234 0.17017529560941821 -0.016586750259540373 0.0775350529089002 0.17372243352127684 0.16438376205710234 0.0361444899383815 0.11410006647690606 -0.0030364488231954413 0.1429431689701958 0.13368873427612346 0.14098094796355926 0.13460346848505791 0.02652498935083494 0.04242297946210776 0.1545379152308472 0.14947236336441438 0.06748229016161117 0.16586119407836655 
0.0737875730347282 0.11126285364491158 -0.06700722521031048 0.07167769519379935 -0.0036808440549759304 0.012312867656896336 0.1117748148994113 0.008128264937008002 -0.03959107830597247 0.02643679270522446 -0.025585027336225155 -0.015141887773424028 0.00282297725385439 0.06926241697012415 -0.0725517633741001 0.023686424154854762 0.010337976380792948 -0.05704051823834026 0.04894191339417209 -0.017449976554643615 
-0.0313812689594952 0.09193716733229826 -0.07290814456757488 -0.024438547668695285 -0.07875617652211674 -0.029941567528527575 -0.09001079229429228 0.0813525861333874 -0.07476025687756682 0.04888222658872083 0.07300182680618517 -0.06576476781549742 0.0939441259781345 -0.07503536142696082 -0.026099481201241635 0.01476562977387896 -0.012773219540798722 -0.03089757686463308 0.021134078426414613 -0.0568092710122561 
0.14722920161043657 0.12132779331971118 -0.029569449101250686 -0.0028906291258412866 -0.04123173701803946 0.14389273583848516 -0.0237276621635545 0.07270853255131078 0.13191374452415894 0.155283659074188 0.14856587547879255 0.08432729028060465 0.10722888300188824 0.10278106803650462 0.09372647921553175 -0.01675942284881973 -0.003482395162630549 0.1562367721556996 0.05577246855859933 0.02257435576878551 
0.15122846558603223 0.1862744759329981 0.10041322855528542 0.04337407517967959 0.10099119285478099 0.13042462417935252 0.05542904631974704 0.11745181982684247 0.12855286499762933 0.013667890549619475 -0.0019848766759173065 -0.008259432534300903 0.1604156935312634 0.13248011908872584 0.03869615856615897 0.14419316349149572 0.11353037608853558 0.09594253490311 0.05304780675239174 0.1718299551190855 
0.13306392801489839 0.05370924647833818 0.005938520764528925 0.14430252640018865 0.11764344198749736 0.00536691914131978 0.12668050025559166 0.03057704131626604 0.13551888706622456 0.025439864886169776 0.1656685933928622 0.04600748336274803 0.06756057988157212 0.1443296839861112 0.009696116980002141 0.14449855040849552 0.17891040582102 0.18954990530755655 0.1653184408088361 0.07075183864191197 
0.11520292865427229 -0.014349640596201113 0.005997563267672873 0.06393260111095797 -0.024052519965385783 0.0249524739157067 0.046477001610748137 0.08209463796850448 0.07341368026630057 0.018769580602624673 0.02475227074551722 0.1306593381322007 0.126201843682451 0.02044287409006462 0.15102791662620768 -0.048404649258515266 0.12480864052042129 0.02158783151910772 0.08265514275199669 0.10319095296492262 
0.0815827268414511 0.04922624453412393 0.0455428640552082 0.08805768380990055 0.14989786864242222 0.08063276896930327 0.148991018657717 0.005930685549793948 0.10960381960477876 0.1706019459667932 0.02940802063965294 0.055793141535807736 0.12337294587744997 0.11140626272899937 0.02267540607909118 0.05583895738903299 0.06515592064907459 0.02994992967382504 0.07664311798561138 0.13829854599761282 
-0.034326016351388926 -0.028958082642605215 -0.010620871913441429 -0.02908218901121803 -0.010600960541314184 0.06975505972598493 -0.06815429572400693 -0.08889088593510089 -0.020313325930224235 0.11010165040947804 0.01758061390504574 0.09761039409968587 -0.010091956264849057 0.029551188945033745 0.034144460340920675 -0.06475419130020783 -0.001404060994572084 0.07107204120588578 0.07549785868020653 0.06234839219125706 
0.04183671353512236 0.051672157215547534 0.12407438510863292 0.05914701114825924 0.03903814323383823 -0.016984015267950674 -0.05260199210213343 0.05751623413211522 0.1293242529364065 -0.0021307167897367464 0.14194290151553282 0.09399120232653677 -0.03745907559136336 0.13647766442268214 0.0033189734594151806 -0.05345177536995038 0.08587321795748618 -0.04078138011083766 0.0864602451192233 -0.0011456503896382102 
0.08834066753565598 -0.019694582879813537 0.06897421296049111 0.021481024810198555 0.11103726084816312 0.06088297643388366 0.005975538549595415 0.03157751690149842 0.07266911199164047 0.12114968363053447 0.12711607695443103 0.0023481594488788263 0.15423300867671388 0.040998517716879505 0.05429953505429449 0.12245770243471095 0.08235738312395005 0.03095577615468705 0.16381025444893613 0.1255588798667269 
0.07196932889972137 0.17418706522873045 0.09336645572178423 0.1189168835602487 0.16068843222473497 0.008545436712228986 0.1603246197497347 0.01783713993709356 0.045486476082862305 0.1544679553814315 0.13936248775151444 0.07895814292936679 0.14258231458186574 0.1117320409287762 -0.013809872805253759 0.07450878665781085 0.09722486728207844 0.1540943529741699 0.08434491540364543 0.0015194911229519815 
0.036813339858862044 0.18868619629694686 0.17773927693737795 0.047059131759113824 0.023879007760440874 0.19032824544176039 0.1508754486912734 0.11009978421967169 0.1686556849148921 0.14241074420744435 0.059593072412876626 0.043429958352534895 0.06611746984739603 0.09383924666665255 0.1263002756423138 0.20202697381188606 0.09018297192862013 0.06279658654599385 0.08826198520798323 0.11873312116191881 

-0.3732249317131533 -0.2562841385417159 -0.3927090357116223 -0.2916592720741587 -0.3762759515654412 -0.32482276830963175 -0.2326141075868864 -0.3574126423755329 -0.40370929716547743 -0.20880833189682257 -0.4049296399617945 -0.2987870154535192 -0.28118617930001055 -0.35043072959003246 -0.3638267845502753 -0.19357352153190036 -0.20546208451075565 -0.2532818851285001 -0.2624071454151667 -0.15922901168227907 -0.3549115731914372 -0.2739618822406398 -0.32639937627183296 -0.25802746053934 -0.28136865894988045 -0.22285430981366902 -0.291241486224889 -0.19188844370974564 -0.206607141187512 -0.21265916192523657 -0.20049064883901535 -0.3436166201385335 -0.3162686237811652 -0.3496466836894767 -0.24099244202707124 -0.3910932994428587 -0.24537954014498595 -0.3527729792285338 -0.3829522959774479 -0.32134982449077604 -0.20276544266727223 0.26704904454048256 -0.2695927181339819 -0.3265718475595045 -0.2700847198536716 -0.32294722264464565 -0.39454132326634583 -0.2664872842209595 -0.40392379904465087 -0.24551369764646433 -0.36351488497511025 -0.3709353073036473 -0.27257221499907 -0.26393011243461206 -0.3896268844096234 -0.3924797097154409 -0.3409841126826141 -0.349542187422908 -0.29128584730403606 -0.29894429634921305 -0.3614319898269652 -0.13492050629568425 -0.16899552696532089 -0.23703737137818576 -0.3016285949577437 -0.19102038697459955 -0.34198036154566913 -0.28542832065855783 -0.299371735396427 -0.3383498296465116 -0.3367427278376886 -0.3584986418497074 -0.26234301509726027 -0.22417673091917112 -0.32518217337070776 -0.3408853627455654 -0.37250935635998356 -0.2862866890491586 -0.2784198911567415 -0.23478482492491165 -0.3433603271158408 -0.2720426515397276 -0.28950656650773376 -0.2634259629007228 0.15828959889675343 -0.39102810858976084 -0.26746150105536504 -0.3365258267813776 -0.3124978532309002 -0.2516310683810912 -0.3528362262828056 -0.3799359896552782 -0.3086526217415207 -0.36908703657988334 -0.2480232530704296 -0.38058432724747215 -0.264965078872298 -0.4002373595883266 -0.26547741139860365 -0.3445006367643017 -0.28368692608194446 -0.2561644020635361 -0.21352913637942372 -0.2860204713151204 -0.17062778836219863 -0.2410896493708586 -0.35072392810760444 -0.2995163316207414 -0.32748004440909123 -0.2506582217966552 -0.18262952017715475 -0.3654334632932909 -0.22895974872935856 -0.3003289178432747 -0.34027467598472333 -0.29413619374090766 -0.34187291146046644 -0.2330329394110272 -0.329253602236743 -0.21627016582124364 -0.3767013761233184 -0.2734554995524046 -0.2523984119196602 -0.26831371136146304 -0.23198932298292127 -0.3206077155028533 -0.1933890144374895 0.26360605936591136 -0.2976384308264972 -0.29925685117089196 -0.2950222522425365 -0.28392500498273154 -0.23916024305736144 -0.3140248932754178 -0.3562765731830154 -0.20964593478093024 -0.3349571220960079 -0.28535531610912523 -0.2987041160195471 -0.3591249233231773 -0.25065483750194273 -0.3604804794293027 -0.3734542427121204 -0.3482618803917169 -0.36100842630894686 -0.27458013921752683 -0.34439182058776996 -0.22918094351237842 -0.2736349282719621 -0.22640189277001868 -0.32071464920607606 -0.17056670453026487 -0.22273607388900457 -0.316805221407846 -0.19510664868360694 -0.3906881318866077 -0.2861470605110925 -0.23906866969834303 -0.3646817211835524 -0.3529866993976547 -0.23337607223437068 -0.20976668127462517 -0.3235706153466014 -0.37488815752998683 -0.25911893153463617 -0.3694918060525708 -0.22906491763647552 -0.21796291158720857 -0.36171325455279174 -0.13610185039540582 0.13811626851073555 -0.32905128198043987 -0.38644146430571746 -0.3593957056872518 -0.2971056127310496 -0.30595133427843046 -0.38400328102677106 -0.2668144298582055 -0.3974635752798965 -0.20901885097067005 -0.2807728940052341 -0.3453845603451326 -0.22623762138931908 -0.3105919961065368 -0.34531808587429025 -0.3005881328486536 -0.2601405239659631 -0.2900307879312045 -0.3691519667538704 -0.29734459301496174 -0.18876119878624306 -0.19686755447968246 -0.33376746716609296 -0.1848934008680925 -0.25551783900566516 -0.2981983675644053 -0.2613441353478731 -0.31356946842409233 -0.2856920283077973 -0.3050370007499834 -0.2776269348508345 -0.2502153265845566 -0.28799985037418924 -0.3342003667746349 -0.2620481746198321 -0.19818950862317744 -0.34857534484019803 -0.25870314038011794 -0.22676370623512662 -0.2302213189160949 -0.3390945453377402 -0.20819560931694908 -0.1398776146335222 0.18993846806801576 -0.38033019002006707 -0.35166244044261713 -0.30018080540333153 -0.32543893407612967 -0.34742477020118206 -0.1986129800965962 -0.33886811400403444 -0.22900042824299793 -0.24014211573466107 -0.2622676603310175 -0.3803123615022617 -0.2235914794158128 -0.3084976568042675 -0.3688740758454344 -0.24663337664710897 -0.26411561212835544 -0.3220155529712014 -0.2156501672019417 -0.26919769626742146 -0.31580505852065976 -0.3340440576197731 -0.327651307605409 -0.30752902402596366 -0.2549554725033915 -0.2885930682833697 -0.17316784975105623 -0.32815463754250995 -0.3706980032545935 -0.3624423054519362 -0.296712355719815 -0.2156962431563368 -0.3216020555724445 -0.336548289736207 -0.19994508244675063 -0.2350674615165086 -0.24706247685160576 -0.3704549629620389 -0.34083110863872573 -0.30598425366332965 -0.2523679993781515 -0.31769545866311033 -0.26823230917966634 0.24204221352666064 -0.3172679119918242 -0.2864092332428257 -0.36100450789861854 -0.35984116657894505 -0.3760445348434512 -0.24595867606225172 -0.3495334657256223 -0.2936160941039877 -0.2701960513181572 -0.3866113895594478 -0.3274246508785939 -0.26231612210059924 -0.20464139451274943 -0.2149560771439669 -0.2701780087810769 -0.25326966294810405 -0.2702772123836138 -0.25902458023988156 -0.23067221351902423 -0.28430367940324014 -0.24254339631246974 -0.24215783347509037 -0.29807885506320614 -0.34321941692383345 -0.24118417246627313 -0.297222891180186 -0.30412141538702114 -0.201361305465626 -0.22858925824927684 -0.24746826826951382 -0.3059381081528652 -0.18618671021697905 -0.38235690414852574 -0.32129199181377094 -0.3707931208013029 -0.2817697176221791 -0.3246667248960142 -0.2905808323769549 -0.21297729342910302 -0.3019832538489759 -0.21457568089696025 -0.2403993309503232 0.16300153313069554 -0.2363682466666732 -0.33534761587346956 -0.3039796410708563 -0.26647591778500607 -0.21884891224020186 -0.2764194952861675 -0.22774450433813456 -0.391238966995995 -0.36322513052600686 -0.3108349940296367 -0.21073987940179442 -0.3561440134092383 -0.320508087360358 -0.23794703525897606 -0.3105674805638874 -0.24249626396957702 -0.36542419389900005 -0.3348090109268119 -0.253066795257243 -0.2003938664512085 -0.1686389701927865 -0.19239397850633094 -0.28460004863483107 -0.26657142110047854 -0.23708062296013355 -0.33903770243960685 -0.29025893951917026 -0.20749613553721005 -0.24906828749918125 -0.2630623667704618 -0.23873540524941092 -0.278657182041266 -0.3280550188897278 -0.34819892147064624 -0.17575034385256383 -0.3505681709940177 -0.20037759754673024 -0.2874631628749093 -0.338354966646091 -0.36429259424535515 -0.3044665036321739 -0.0657681623436039 0.2724837410099165 -0.26109835671909293 -0.40559064988672416 -0.3020124185992614 -0.2644915667679783 -0.2297808533617881 -0.3439924016082485 -0.23794669118649794 -0.3185116062332349 -0.3676012516020859 -0.23670187092070166 -0.3916320464851246 -0.2997714957816227 -0.20363874723994993 -0.2550791658838759 -0.3514577483097721 -0.24068699713041608 -0.29821205639618126 -0.31632131213749426 -0.3452542733140152 -0.15776563792036116 -0.31020076785470546 -0.16056492107605003 -0.15560795175239497 -0.3187134095560358 -0.35042684506402466 -0.29705989550167716 -0.2555769814069338 -0.30330957344580783 -0.29970035477759754 -0.32682889115140806 -0.3429538285169206 -0.30887289461887496 -0.20519675563958714 -0.21140490972664905 -0.24491778948373844 -0.20519418816431217 -0.30732833270453513 -0.38166968049739824 -0.27304901311515356 -0.2903717382706404 -0.36988325209705414 -0.17895329383962583 0.0879007405949948 -0.21532447829392104 -0.30299955627132935 -0.35650794043198264 -0.39592030196337413 -0.2780193387934336 -0.37726626865245605 -0.34145198833948004 -0.3958882465380687 -0.3114483275999352 -0.24418745520540586 -0.3447077735919843 -0.3948500606964072 -0.35643310731404365 -0.33690456949821845 -0.32472654004479146 -0.2635783869693264 -0.3087588373854071 -0.3360121064019918 -0.40363901926433055 -0.281747530127668 -0.29837535946200117 -0.2909459025022561 -0.2821045995822486 -0.28183962966198456 -0.37070157015553673 -0.2983211405059585 -0.21197644427237164 -0.23470922033067113 -0.20014501804071427 -0.27406164129123295 -0.34716548103364114 -0.29238430824539646 -0.24624792697700196 -0.2400408878459779 -0.28888515270035914 -0.33526092022516046 -0.3199345682397937 -0.35544339075545295 -0.3896703605525105 -0.3742849978483586 -0.3413481151469911 -0.24670226075163282 0.22700269843087215 -0.37117198117863776 -0.2994869581001692 -0.21590493506320357 -0.34744010212256404 -0.3149131990654957 -0.3070225222012823 -0.3347879297228769 -0.31701723732410797 -0.28062998546481466 -0.26429270955478906 -0.2063556226813959 -0.2589613879919573 -0.23413886205136994 -0.21814517592281585 -0.21840745901589834 -0.2506577368054837 -0.2988154490308369 -0.3370656366349432 -0.24357356958478943 -0.2037996858193524 -0.167971316276738 -0.25053407872219924 -0.15751507408930523 -0.14928493998912562 -0.1748177992841729 -0.3230240174086326 -0.1733782338651908 -0.2045043295763092 -0.251277480847154 -0.2825118754095957 -0.24941916625660845 -0.3108218805058714 -0.23747818458831707 -0.3334749324634371 -0.29103143025224804 -0.27887739570523645 -0.25603173909859256 -0.28083737540951614 -0.3094462456737051 -0.24361999273835788 -0.28691464318706983 -0.24090940389295462 0.2585663838564742 -0.2287786559902387 -0.3981199710588352 -0.4539754229578154 -0.24212320907755297 -0.3855502776450301 -0.27036369283124284 -0.284754808901067 -0.33106271372044643 -0.3351139742822722 -0.32450994202225975 -0.2620834167312108 -0.315902893273244 -0.3622694934869252 -0.3887576194934302 -0.27878254803859404 -0.2648727278485106 -0.37014514907233914 -0.32251372342963547 -0.38324651519563147 -0.31179062027145943 -0.2295174368139237 -0.2498744266856294 -0.2876431575961029 -0.2842738672173264 -0.2692366086291577 -0.30626184768423853 -0.30520504246401 -0.2633288621181757 -0.2655633898657478 -0.2985251348576783 -0.2258122420679951 -0.37274003637281317 -0.3033117983706636 -0.31548459722003114 -0.3678958128816979 -0.21161150591035627 -0.33418655824419813 -0.2605273192487664 -0.35623571378172336 -0.314983817483483 -0.22804223024657472 -0.231019165693297 0.1844435146079693 -0.35175239359512106 -0.32263455274392394 -0.2516476112006885 -0.2565688825973291 -0.3312636307743764 -0.18937897744503937 -0.24459111584024504 -0.29958848906656205 -0.38448072302038055 -0.41273323301619846 -0.2961744456416819 -0.38632814276829397 -0.2859308209834916 -0.20375436336179042 -0.26496970955807797 -0.2996125348868902 -0.3845563535631033 -0.37752942959586944 -0.21316473212693787 -0.30080933180674285 -0.2851661155653207 -0.17971545101978503 -0.2779082583054683 -0.3080447386843615 -0.30420490427035063 -0.18540903600153255 -0.2308148215620274 -0.30441070663586495 -0.35289930114294366 -0.3541100539952584 -0.3516663358987703 -0.32911675028465726 -0.26517187911167933 -0.2357521657815368 -0.22302171510643665 -0.23376468591629865 -0.3415902603857396 -0.3055641587857848 -0.2067446654476793 -0.38896006965084173 -0.2682355114786849 -0.1506497962579526 0.13414179650355815 -0.37638950724705267 -0.34888537363261635 -0.3273611415060875 -0.41794795220485326 -0.23006382962742022 -0.32760245097659574 -0.30195502953889775 -0.3539115984454646 -0.24159818914750547 -0.2775179152017598 -0.24948156596516774 -0.24312142534198652 -0.3602528090045997 -0.41292486283769037 -0.3677229489167776 -0.30281688073523744 -0.22425848808240842 -0.33547166455555233 -0.2840009389170113 -0.29887474992146534 -0.21865922729759005 -0.20304964013717838 -0.24572568690469382 -0.2732290972423174 -0.20952665825565378 -0.30776561405008085 -0.2982493202370958 -0.3006209566535398 -0.29179210928155125 -0.18983004095619083 -0.27424990133963767 -0.3504181524053009 -0.39326301395588376 -0.24574962899426034 -0.3341223197808396 -0.22723332824229361 -0.35297089434436035 -0.41091804126058096 -0.322884025780687 -0.22139743439540713 -0.40068457786832634 -0.1501764555918237 0.22139477833515497 -0.3010783916109171 -0.3687240066323759 -0.29011626154057796 -0.33364561315321617 -0.3622024880488234 -0.4039236453971416 -0.4048790351580576 -0.4303415326813147 -0.37076061874816 -0.3179788087799475 -0.30729710841823815 -0.2971783602064743 -0.32070555685932634 -0.42383432712360547 -0.35667852493304447 -0.27027645035046366 -0.4052772973998267 -0.4012581408104438 -0.32703800711422504 -0.28270614260953036 -0.2761717578301776 -0.2509999150954879 -0.3626750155985766 -0.22458672011099642 -0.3802878641717449 -0.21130486711088375 -0.32394551952331657 -0.38198123219414215 -0.39717067789706606 -0.23601082523402764 -0.3412742849927138 -0.34881010580446287 -0.24481085634107028 -0.3278856461904944 -0.3546144282489553 -0.3948862176687617 -0.2655484766406674 -0.41082659395206955 -0.31757983364483106 -0.36545110816253373 -0.39814709137047183 -0.2840912721487333 0.06806095749144442 -0.35273856911322415 -0.2106750489210034 -0.26432375233080835 -0.3930193235729672 -0.2947389409226667 -0.34875148495533 -0.27360837802776533 -0.25908754978007703 -0.22636211810024098 -0.2761687254840406 -0.35729340847855523 -0.284115562728405 -0.3276067326696988 -0.3752215320503036 -0.34265145499624217 -0.2886353855222834 -0.2875868111988 -0.3155766681845044 -0.38100966612839926 -0.3186719266798014 -0.25600278970966606 -0.3532626888207244 -0.23377444549221943 -0.33875637684971593 -0.23089782252008445 -0.32440112199694554 -0.24140332820814386 -0.2490327412711435 -0.23690617278787618 -0.32271868130885467 -0.34947937235024273 -0.2819550404938161 -0.22089176189728565 -0.33295043568465255 -0.33969217024986875 -0.3333581789594078 -0.28071917706416893 -0.32183085028201425 -0.3260526526871853 -0.22179560969740256 -0.20833179693717588 -0.11528674167734543 0.1000025067481541 -0.26499161323675074 -0.26402543365272013 -0.40500612982498413 -0.35784310020883997 -0.39559789380991733 -0.3849435429137109 -0.27918432043481195 -0.29125700061763526 -0.3736275612699731 -0.3993498353589214 -0.37103186062600246 -0.3193196817545775 -0.3162381090313838 -0.3162111795931933 -0.28419546050944283 -0.42619336159818527 -0.34888453110018675 -0.289938731801628 -0.32354248982036005 -0.20835230239465646 -0.1728275909240847 -0.27280977177093696 -0.26044500503675594 -0.33795812607387854 -0.2510191724950498 -0.3484816053359347 -0.3724037908950115 -0.3701891534730063 -0.3123817804061654 -0.3082788556006816 -0.30083957011314927 -0.23700556347020507 -0.40899570993804707 -0.343215577313755 -0.28215507383930316 -0.27559221519814103 -0.26924514854852677 -0.2425115483423925 -0.31382609926922195 -0.3769245766655848 -0.29570387154264205 -0.13879135055604166 0.1516315941838135 -0.235892788915608 -0.29512540172812757 -0.273623761165584 -0.2951684856618302 -0.3661518676930934 -0.36119191593216415 -0.3992039509664235 -0.37177801537009947 -0.3703475998734056 -0.26787717477612033 -0.35985555878729064 -0.3895817847213911 -0.24482675149953054 -0.22546366816025434 -0.2806742709042113 -0.38554376919448813 -0.38253498811314507 -0.32814542419906534 -0.3281572996043716 -0.18156011777484396 -0.2711585488172091 -0.1648327550974919 -0.24511603924731643 -0.2234399612485037 -0.1860057054405153 -0.28482678480345813 -0.21158748681783549 -0.2804327614751485 -0.22416286497376525 -0.342874278404113 -0.25430009518543295 -0.23032080015326056 -0.21902807297984433 -0.310909357535503 -0.3099647837222972 -0.213798565511492 -0.22551423548148292 -0.2320572619905522 -0.25197073949056203 -0.38257160455947936 -0.36828935686002984 -0.22788565549374185 0.25239495499040154 -0.18372493466674464 -0.39655322713513064 -0.37417662601364904 -0.23257053025725846 -0.3671697926591517 -0.36287074933263974 -0.2963428068107655 -0.2824883805992237 -0.312970235046776 -0.3407328035416581 -0.264438227077311 -0.30066826195087865 -0.3712412700740108 -0.2382866498665002 -0.28793632858719387 -0.4396792361713972 -0.23723258584504142 -0.2821766714168609 -0.35892191943375057 -0.27750835415543534 -0.342394672258093 -0.20361727612849537 -0.19822708371922737 -0.28019351148031 -0.30252978987062484 -0.23248505581274778 -0.3262511707821542 -0.22369276555685616 -0.2729916147959136 -0.2485154610349431 -0.28704102126923936 -0.35245302909293397 -0.2886665983547794 -0.39590326017533467 -0.26309745825160447 -0.3663615000632255 -0.3977296114206065 -0.2776216085887837 -0.345523043764255 -0.2635865215086321 -0.29030272076376734 -0.2860896951345186 0.2578978658499487 -0.31486747078812016 -0.3533492473107788 -0.3545763644563749 -0.279623243036985 -0.3890490921465962 -0.2726723625576002 -0.25896762210127183 -0.35787982976084026 -0.24713011877355034 -0.3484281108050093 -0.40784178256843445 -0.39049391979309067 -0.3756073095495825 -0.33135261327974264 -0.3093791846552922 -0.33566748795775325 -0.28185400267172517 -0.3512244929859103 -0.23094977265289693 -0.161367895453515 -0.3125226458185228 -0.24573684457476633 -0.2997523808218613 -0.21064925961004397 -0.3282418468996503 -0.30789187870464624 -0.3646335072457718 -0.22618034708704887 -0.36157535550659764 -0.3613268977072807 -0.3178957211856828 -0.200991978653083 -0.27983957158076467 -0.26862847463326983 -0.3728286054496775 -0.36284496740000216 -0.21257610608325736 -0.340383481426604 -0.3761333612155609 -0.2127143397867072 -0.24340619987261297 -0.16919029040041506 0.28396665378958413 -0.30941649413395284 
